[[[249 249 249]
  [253 253 253]
  [242 242 242]
  [210 210 210]
  [178 178 178]
  [204 204 204]
  [205 205 205]
  [187 187 187]
  [229 229 229]
  [255 255 255]]

 [[250 250 250]
  [241 241 241]
  [225 225 225]
  [180 180 180]
  [151 151 151]
  [178 178 178]
  [192 192 192]
  [196 196 196]
  [227 227 227]
  [252 252 252]]

 [[233 233 233]
  [225 225 225]
  [249 249 249]
  [233 233 233]
  [182 182 182]
  [164 164 164]
  [171 171 171]
  [184 184 184]
  [221 221 221]
  [242 242 242]]

 [[245 245 245]
  [245 245 245]
  [253 253 253]
  [249 249 249]
  [240 240 240]
  [223 223 223]
  [192 192 192]
  [192 192 192]
  [231 231 231]
  [253 253 253]]

 [[229 229 229]
  [233 233 233]
  [247 247 247]
  [249 249 249]
  [242 242 242]
  [235 235 235]
  [215 215 215]
  [221 221 221]
  [240 240 240]
  [245 245 245]]

 [[181 181 181]
  [207 207 207]
  [247 247 247]
  [228 228 228]
  [215 215 215]
  [212 212 212]
  [200 200 200]
  [225 225 225]
  [241 241 241]
  [235 235 235]]

 [[165 165 165]
  [200 200 200]
  [234 234 234]
  [221 221 221]
  [189 189 189]
  [185 185 185]
  [218 218 218]
  [218 218 218]
  [220 220 220]
  [212 212 212]]

 [[155 155 155]
  [168 168 168]
  [168 168 168]
  [174 174 174]
  [151 151 151]
  [201 201 201]
  [255 255 255]
  [255 255 255]
  [234 234 234]
  [198 198 198]]

 [[187 187 187]
  [180 180 180]
  [173 173 173]
  [139 139 139]
  [192 192 192]
  [249 249 249]
  [255 255 255]
  [255 255 255]
  [255 255 255]
  [249 249 249]]

 [[209 209 209]
  [217 217 217]
  [190 190 190]
  [200 200 200]
  [250 250 250]
  [255 255 255]
  [255 255 255]
  [255 255 255]
  [255 255 255]
  [255 255 255]]]
